11111111111111110011001100110
11111111111111110011101101101
11111111111111110100001110011
11111111111111110100101111001
11111111111111110101010000000
11111111111111110101110000110
11111111111111110110010001100
11111111111111110110110010010
11111111111111110111010011001
11111111111111110111110011111
11111111111111111000010100101
11111111111111111000110101100
11111111111111111001010110010
11111111111111111001110111000
11111111111111111010010111111
11111111111111111010111000101
11111111111111111011011001011
11111111111111111011111010001
11111111111111111100011011000
11111111111111111100111011110
11111111111111111101011100100
11111111111111111101111101011
11111111111111111110011110001
11111111111111111110111110111
11111111111111111111011111110
00000000000000000000000000100
00000000000000000000100001010
00000000000000000001000010000
00000000000000000001100010111
00000000000000000010000011101
00000000000000000010100100011
00000000000000000011000101010
00000000000000000011100110000
00000000000000000100000110110
00000000000000000100100111100
00000000000000000101001000011
00000000000000000101101001001
00000000000000000110001001111
00000000000000000110101010110
00000000000000000111001011100
00000000000000000111101100010
00000000000000001000001101001
00000000000000001000101101111
00000000000000001001001110101
00000000000000001001101111011
00000000000000001010010000010
00000000000000001010110001000
00000000000000001011010001110
00000000000000001011110010101
00000000000000001100010011011
00000000000000001011110010101
00000000000000001011010001110
00000000000000001010110001000
00000000000000001010010000010
00000000000000001001101111011
00000000000000001001001110101
00000000000000001000101101111
00000000000000001000001101001
00000000000000000111101100010
00000000000000000111001011100
00000000000000000110101010110
00000000000000000110001001111
00000000000000000101101001001
00000000000000000101001000011
00000000000000000100100111100
00000000000000000100000110110
00000000000000000011100110000
00000000000000000011000101010
00000000000000000010100100011
00000000000000000010000011101
00000000000000000001100010111
00000000000000000001000010000
00000000000000000000100001010
00000000000000000000000000100
11111111111111111111011111110
11111111111111111110111110111
11111111111111111110011110001
11111111111111111101111101011
11111111111111111101011100100
11111111111111111100111011110
11111111111111111100011011000
11111111111111111011111010001
11111111111111111011011001011
11111111111111111010111000101
11111111111111111010010111111
11111111111111111001110111000
11111111111111111001010110010
11111111111111111000110101100
11111111111111111000010100101
11111111111111110111110011111
11111111111111110111010011001
11111111111111110110110010010
11111111111111110110010001100
11111111111111110101110000110
11111111111111110101010000000
11111111111111110100101111001
11111111111111110100001110011
11111111111111110011101101101
11111111111111110011001100110
11111111111111110010101100000
11111111111111110010001011010
